Accuracy[0] : 0.661138653755188
Accuracy[1] : 0.6695544719696045
Accuracy[2] : 0.6358910799026489
Accuracy[3] : 0.6509901285171509
Accuracy[4] : 0.6482673287391663
Accuracy[5] : 0.6532178521156311
Accuracy[6] : 0.6787129044532776
Accuracy[7] : 0.6155940890312195
Accuracy[8] : 0.6435644030570984
Accuracy[9] : 0.6017326712608337
Accuracy[10] : 0.6514851450920105
Accuracy[11] : 0.6227722764015198
Accuracy[12] : 0.6002475619316101
Accuracy[13] : 0.594059407711029
Accuracy[14] : 0.6299505233764648
Accuracy[15] : 0.6326732635498047
Accuracy[16] : 0.6148514747619629
Accuracy[17] : 0.6443069577217102
Accuracy[18] : 0.6032178401947021
Accuracy[19] : 0.6507425904273987
Accuracy[20] : 0.630198061466217
Accuracy[21] : 0.611138641834259
Accuracy[22] : 0.6886138916015625
Accuracy[23] : 0.5905940532684326
Accuracy[24] : 0.6017326712608337
Accuracy[25] : 0.6205445528030396
Accuracy[26] : 0.6269802451133728
Accuracy[27] : 0.6321782469749451
Accuracy[28] : 0.6178218126296997
Accuracy[29] : 0.5960395932197571
Accuracy[30] : 0.6346535086631775
Accuracy[31] : 0.6485148668289185
Accuracy[32] : 0.6361386179924011
Accuracy[33] : 0.592079222202301
Accuracy[34] : 0.641089141368866
Accuracy[35] : 0.6752475500106812
Accuracy[36] : 0.6287128925323486
Accuracy[37] : 0.5992574691772461
Accuracy[38] : 0.5839108824729919
Accuracy[39] : 0.5952970385551453
Accuracy[40] : 0.6279703378677368
Accuracy[41] : 0.6148514747619629
Accuracy[42] : 0.6502475738525391
Accuracy[43] : 0.6163366436958313
Accuracy[44] : 0.6396039724349976
Accuracy[45] : 0.6423267722129822
Accuracy[46] : 0.6054455637931824
Accuracy[47] : 0.5893564820289612
Accuracy[48] : 0.6116336584091187
Accuracy[49] : 0.6646040081977844
Accuracy[50] : 0.6309406161308289
Accuracy[51] : 0.6537128686904907
Accuracy[52] : 0.622029721736908
Accuracy[53] : 0.611138641834259
Accuracy[54] : 0.6413366794586182
Accuracy[55] : 0.6655941009521484
Accuracy[56] : 0.6242574453353882
Accuracy[57] : 0.6185643672943115
Accuracy[58] : 0.589108943939209
Accuracy[59] : 0.6193069219589233
Accuracy[60] : 0.6544554829597473
Accuracy[61] : 0.6331683397293091
Accuracy[62] : 0.5962871313095093
Accuracy[63] : 0.6170791983604431
Accuracy[64] : 0.6108911037445068
Accuracy[65] : 0.5975247621536255
Accuracy[66] : 0.6277227997779846
Accuracy[67] : 0.6066831946372986
Accuracy[68] : 0.5903465747833252
Accuracy[69] : 0.5646039843559265
Accuracy[70] : 0.6329208016395569
Accuracy[71] : 0.6368812322616577
Accuracy[72] : 0.6217821836471558
Accuracy[73] : 0.6438118815422058
Accuracy[74] : 0.6366336941719055
Accuracy[75] : 0.6297029852867126
Accuracy[76] : 0.6071782112121582
Accuracy[77] : 0.6353960633277893
Accuracy[78] : 0.6150990128517151
Accuracy[79] : 0.6279703378677368
Accuracy[80] : 0.6225247979164124
Accuracy[81] : 0.5948020219802856
Accuracy[82] : 0.5883663296699524
Accuracy[83] : 0.6326732635498047
Accuracy[84] : 0.6007425785064697
Accuracy[85] : 0.6465346813201904
Accuracy[86] : 0.6764851808547974
Accuracy[87] : 0.603960394859314
Accuracy[88] : 0.6452970504760742
Accuracy[89] : 0.644059419631958
Accuracy[90] : 0.6116336584091187
Accuracy[91] : 0.660148561000824
Accuracy[92] : 0.6044554710388184
Accuracy[93] : 0.6200495362281799
Accuracy[94] : 0.6262376308441162
Accuracy[95] : 0.6284653544425964
Accuracy[96] : 0.7007426023483276
Accuracy[97] : 0.611138641834259
Accuracy[98] : 0.6358910799026489
Accuracy[99] : 0.6007425785064697
